,Date,AveragePrice,Total Volume,4046,4225,4770,Total Bags,Small Bags,Large Bags,XLarge Bags,type,year,region
180,2015-07-12,1.05,74677.72,51828.75,5802.65,7474.4,9571.92,8335.04,1236.88,0.0,conventional,2015,Boise
181,2015-07-05,1.15,85044.45,61949.73,8022.13,8434.98,6637.61,6557.06,80.55,0.0,conventional,2015,Boise
182,2015-06-28,1.04,75280.41,59111.33,6573.26,3974.75,5621.07,5619.44,0.0,1.63,conventional,2015,Boise
183,2015-06-21,1.06,81397.07,52790.21,15444.74,5875.85,7286.27,7021.56,0.0,264.71,conventional,2015,Boise
184,2015-06-14,0.99,87607.71,58791.25,17880.43,3135.99,7800.04,7800.04,0.0,0.0,conventional,2015,Boise
185,2015-06-07,1.12,80751.29,61245.49,7237.55,6655.69,5612.56,5603.8,8.76,0.0,conventional,2015,Boise
186,2015-05-31,0.97,76689.38,57373.57,7421.36,4028.3,7866.15,7860.31,5.84,0.0,conventional,2015,Boise
187,2015-05-24,1.03,83209.77,54825.95,14839.33,6037.23,7507.26,7469.51,0.0,37.75,conventional,2015,Boise
188,2015-05-17,0.96,77987.53,61319.66,7393.99,2919.87,6354.01,6345.82,0.0,8.19,conventional,2015,Boise
189,2015-05-10,1.06,95788.53,62505.3,15896.54,7891.16,9495.53,9453.06,0.0,42.47,conventional,2015,Boise
190,2015-05-03,1.0,85466.99,66880.12,7942.34,4289.72,6354.81,6349.93,0.0,4.88,conventional,2015,Boise
191,2015-04-26,0.96,88111.17,69544.59,7985.48,3401.65,7179.45,7174.6,0.0,4.85,conventional,2015,Boise
192,2015-04-19,0.99,89694.96,56843.62,21630.9,3260.22,7960.22,7953.8,0.0,6.42,conventional,2015,Boise
193,2015-04-12,1.19,66246.3,44469.15,8506.36,7523.01,5747.78,5747.78,0.0,0.0,conventional,2015,Boise
194,2015-04-05,1.09,76704.46,57339.81,9060.49,3790.38,6513.78,6510.61,0.0,3.17,conventional,2015,Boise
195,2015-03-29,0.98,74543.98,59532.94,7119.52,3101.98,4789.54,4789.54,0.0,0.0,conventional,2015,Boise
196,2015-03-22,1.17,61419.11,44227.33,6589.77,7290.24,3311.77,3311.77,0.0,0.0,conventional,2015,Boise
197,2015-03-15,1.0,65918.28,51472.29,7018.29,2981.8,4445.9,4445.9,0.0,0.0,conventional,2015,Boise
198,2015-03-08,1.14,65350.24,45879.84,7206.22,7403.75,4860.43,4860.43,0.0,0.0,conventional,2015,Boise
199,2015-03-01,1.06,75046.37,40578.0,23738.56,3491.83,7237.98,6478.75,759.23,0.0,conventional,2015,Boise
