,Date,AveragePrice,Total Volume,4046,4225,4770,Total Bags,Small Bags,Large Bags,XLarge Bags,type,year,region
100,2015-01-25,1.1,449332.85,393408.17,18718.27,594.25,36612.16,13176.39,23435.77,0.0,conventional,2015,Atlanta
101,2015-01-18,1.11,431490.99,372236.92,18701.9,511.69,40040.48,16782.71,23257.77,0.0,conventional,2015,Atlanta
102,2015-01-11,1.11,397542.72,330411.24,18958.22,1135.18,47038.08,21309.61,25728.47,0.0,conventional,2015,Atlanta
103,2015-01-04,1.0,435021.49,364302.39,23821.16,82.15,46815.79,16707.15,30108.64,0.0,conventional,2015,Atlanta
104,2015-12-27,1.17,596819.4,40450.49,394104.02,17353.79,144911.1,142543.88,2367.22,0.0,conventional,2015,BaltimoreWashington
105,2015-12-20,1.11,642682.4,44741.37,434590.82,19112.14,144238.07,141751.91,2486.16,0.0,conventional,2015,BaltimoreWashington
106,2015-12-13,1.15,619509.33,44400.26,399851.59,24291.2,150966.28,149070.4,1895.88,0.0,conventional,2015,BaltimoreWashington
107,2015-12-06,1.04,649141.25,51129.29,453586.5,25760.49,118664.97,117112.77,1552.2,0.0,conventional,2015,BaltimoreWashington
108,2015-11-29,1.16,545800.05,41028.15,379156.09,20147.53,105468.28,103615.95,1852.33,0.0,conventional,2015,BaltimoreWashington
109,2015-11-22,1.12,572019.8,40867.8,386137.78,23343.49,121670.73,119007.61,2663.12,0.0,conventional,2015,BaltimoreWashington
110,2015-11-15,1.04,718330.48,47109.75,503470.08,37990.29,129760.36,125297.67,4462.69,0.0,conventional,2015,BaltimoreWashington
111,2015-11-08,1.05,830967.23,58579.27,576512.71,51035.04,144840.21,138777.63,6062.58,0.0,conventional,2015,BaltimoreWashington
112,2015-11-01,1.12,742220.67,51860.07,473819.14,58615.76,157925.7,152716.4,5209.3,0.0,conventional,2015,BaltimoreWashington
113,2015-10-25,1.19,656892.03,53766.25,397911.35,49085.74,156128.69,149987.55,6141.14,0.0,conventional,2015,BaltimoreWashington
114,2015-10-18,0.99,1005603.78,59121.55,745385.26,49171.33,151925.64,146421.02,5504.62,0.0,conventional,2015,BaltimoreWashington
115,2015-10-11,1.24,653560.14,34707.02,392008.6,58490.1,168354.42,163669.01,4685.41,0.0,conventional,2015,BaltimoreWashington
116,2015-10-04,1.28,657444.04,35342.34,407609.95,42257.73,172234.02,167494.61,4739.41,0.0,conventional,2015,BaltimoreWashington
117,2015-09-27,1.19,696281.81,34309.05,451061.03,59018.61,151893.12,146792.81,5100.31,0.0,conventional,2015,BaltimoreWashington
118,2015-09-20,1.17,709268.62,39619.87,450283.01,45336.12,174029.62,168889.78,5139.84,0.0,conventional,2015,BaltimoreWashington
119,2015-09-13,1.09,924993.61,55699.25,675524.33,42270.47,151499.56,145686.02,5813.54,0.0,conventional,2015,BaltimoreWashington
