,Date,AveragePrice,Total Volume,4046,4225,4770,Total Bags,Small Bags,Large Bags,XLarge Bags,type,year,region
160,2015-11-29,1.06,49069.13,24189.98,2789.67,6031.49,16057.99,15860.63,0.0,197.36,conventional,2015,Boise
161,2015-11-22,1.09,52875.58,25408.86,3255.97,6662.8,17547.95,17530.67,4.32,12.96,conventional,2015,Boise
162,2015-11-15,1.01,68648.22,24424.72,12085.72,6502.37,25635.41,25200.25,8.65,426.51,conventional,2015,Boise
163,2015-11-08,1.11,55847.79,31910.27,4651.88,6285.73,12999.91,12777.83,119.79,102.29,conventional,2015,Boise
164,2015-11-01,1.14,53585.51,30434.99,4359.52,6428.27,12362.73,12331.82,0.0,30.91,conventional,2015,Boise
165,2015-10-25,1.11,59874.45,29521.58,10089.82,6551.57,13711.48,13660.98,0.0,50.5,conventional,2015,Boise
166,2015-10-18,1.16,54191.14,29614.23,9069.38,6586.27,8921.26,8918.0,0.0,3.26,conventional,2015,Boise
167,2015-10-11,0.94,80904.19,26114.19,33415.88,7604.48,13769.64,13543.47,185.46,40.71,conventional,2015,Boise
168,2015-10-04,1.12,59496.33,35154.43,10821.85,7551.63,5968.42,5462.15,504.65,1.62,conventional,2015,Boise
169,2015-09-27,0.99,64187.8,47007.35,5754.04,3663.3,7763.11,7596.64,160.0,6.47,conventional,2015,Boise
170,2015-09-20,1.03,73952.9,34826.9,21592.13,6640.07,10893.8,10601.02,273.41,19.37,conventional,2015,Boise
171,2015-09-13,1.08,64208.84,45738.83,4393.9,6593.46,7482.65,7482.65,0.0,0.0,conventional,2015,Boise
172,2015-09-06,1.16,64464.61,44134.65,5402.17,7991.75,6936.04,6934.43,0.0,1.61,conventional,2015,Boise
173,2015-08-30,1.19,60099.83,40926.77,5809.92,7922.58,5440.56,5440.56,0.0,0.0,conventional,2015,Boise
174,2015-08-23,1.05,70773.76,44059.22,14861.33,4433.12,7420.09,7420.09,0.0,0.0,conventional,2015,Boise
175,2015-08-16,1.12,64001.61,46189.28,5258.21,6457.21,6096.91,6090.51,0.0,6.4,conventional,2015,Boise
176,2015-08-09,1.1,61286.98,44739.54,5034.0,3931.19,7582.25,7568.92,13.33,0.0,conventional,2015,Boise
177,2015-08-02,1.07,67763.91,51151.27,5140.89,5435.36,6036.39,5987.5,48.89,0.0,conventional,2015,Boise
178,2015-07-26,1.07,67826.07,50978.38,4856.27,5479.57,6511.85,6358.04,153.81,0.0,conventional,2015,Boise
179,2015-07-19,1.09,63958.04,45921.6,5300.3,5565.17,7170.97,6354.45,816.52,0.0,conventional,2015,Boise
