,Date,AveragePrice,Total Volume,4046,4225,4770,Total Bags,Small Bags,Large Bags,XLarge Bags,type,year,region
140,2015-04-19,1.28,762862.62,67486.78,427623.27,42125.28,225627.29,219885.88,5741.41,0.0,conventional,2015,BaltimoreWashington
141,2015-04-12,1.15,837629.62,70796.72,523170.13,42270.76,201392.01,196076.34,5315.67,0.0,conventional,2015,BaltimoreWashington
142,2015-04-05,1.29,688065.45,53579.17,401279.47,41867.08,191339.73,184109.06,6357.06,873.61,conventional,2015,BaltimoreWashington
143,2015-03-29,1.25,663677.32,58098.15,398050.87,43759.68,163768.62,158964.08,4804.54,0.0,conventional,2015,BaltimoreWashington
144,2015-03-22,1.1,808897.21,65158.96,524971.24,42381.39,176385.62,171699.95,4685.67,0.0,conventional,2015,BaltimoreWashington
145,2015-03-15,1.24,693698.13,53400.14,395837.01,46596.22,197864.76,193130.9,4733.86,0.0,conventional,2015,BaltimoreWashington
146,2015-03-08,1.26,657745.9,55284.8,367670.93,42267.91,192522.26,188374.49,4147.77,0.0,conventional,2015,BaltimoreWashington
147,2015-03-01,1.16,770115.24,59039.85,498872.67,40241.65,171961.07,168224.2,3736.87,0.0,conventional,2015,BaltimoreWashington
148,2015-02-22,1.11,749845.79,50501.07,445970.56,62611.61,190762.55,186976.97,3785.58,0.0,conventional,2015,BaltimoreWashington
149,2015-02-15,1.25,637319.34,49751.74,361677.37,45900.05,179990.18,174864.87,5125.31,0.0,conventional,2015,BaltimoreWashington
150,2015-02-08,1.09,844931.21,71703.52,554857.41,37437.32,180932.96,175771.39,5161.57,0.0,conventional,2015,BaltimoreWashington
151,2015-02-01,1.06,1007418.76,93166.54,666010.38,83652.48,164589.36,159916.87,4672.49,0.0,conventional,2015,BaltimoreWashington
152,2015-01-25,1.2,692934.46,49696.14,386398.73,39488.95,217350.64,209761.81,7588.83,0.0,conventional,2015,BaltimoreWashington
153,2015-01-18,1.23,657741.34,49947.16,393359.6,40576.08,173858.5,169390.88,4467.62,0.0,conventional,2015,BaltimoreWashington
154,2015-01-11,1.17,670231.94,51460.64,420837.82,42526.96,155406.52,151330.87,4075.65,0.0,conventional,2015,BaltimoreWashington
155,2015-01-04,1.08,788025.06,53987.31,552906.04,39995.03,141136.68,137146.07,3990.61,0.0,conventional,2015,BaltimoreWashington
156,2015-12-27,0.97,62909.69,30482.25,2971.94,5894.4,23561.1,23520.19,5.69,35.22,conventional,2015,Boise
157,2015-12-20,1.03,57504.05,25628.22,2546.09,7393.84,21935.9,21900.35,11.43,24.12,conventional,2015,Boise
158,2015-12-13,0.99,58461.05,27148.61,2985.73,6458.44,21868.27,21842.87,4.44,20.96,conventional,2015,Boise
159,2015-12-06,0.71,95295.34,35590.98,12526.5,4086.26,43091.6,42734.53,0.0,357.07,conventional,2015,Boise
