,sepal.length,sepal.width,petal.length,petal.width,variety
25,5.0,3.0,1.6,0.2,Setosa
26,5.0,3.4,1.6,0.4,Setosa
27,5.2,3.5,1.5,0.2,Setosa
28,5.2,3.4,1.4,0.2,Setosa
29,4.7,3.2,1.6,0.2,Setosa
30,4.8,3.1,1.6,0.2,Setosa
31,5.4,3.4,1.5,0.4,Setosa
32,5.2,4.1,1.5,0.1,Setosa
33,5.5,4.2,1.4,0.2,Setosa
34,4.9,3.1,1.5,0.2,Setosa
35,5.0,3.2,1.2,0.2,Setosa
36,5.5,3.5,1.3,0.2,Setosa
37,4.9,3.6,1.4,0.1,Setosa
38,4.4,3.0,1.3,0.2,Setosa
39,5.1,3.4,1.5,0.2,Setosa
40,5.0,3.5,1.3,0.3,Setosa
41,4.5,2.3,1.3,0.3,Setosa
42,4.4,3.2,1.3,0.2,Setosa
43,5.0,3.5,1.6,0.6,Setosa
44,5.1,3.8,1.9,0.4,Setosa
45,4.8,3.0,1.4,0.3,Setosa
46,5.1,3.8,1.6,0.2,Setosa
47,4.6,3.2,1.4,0.2,Setosa
48,5.3,3.7,1.5,0.2,Setosa
49,5.0,3.3,1.4,0.2,Setosa
