,Date,AveragePrice,Total Volume,4046,4225,4770,Total Bags,Small Bags,Large Bags,XLarge Bags,type,year,region
120,2015-09-06,1.18,823623.36,63903.73,522568.44,68180.35,168970.84,165696.58,3268.72,5.54,conventional,2015,BaltimoreWashington
121,2015-08-30,1.24,734721.29,48455.25,458207.46,42754.34,185304.24,181968.79,3158.9,176.55,conventional,2015,BaltimoreWashington
122,2015-08-23,1.16,783935.36,59242.02,499100.39,47216.18,178376.77,175047.15,3060.44,269.18,conventional,2015,BaltimoreWashington
123,2015-08-16,1.14,882754.72,86492.03,597184.73,43102.61,155975.35,153156.63,2796.82,21.9,conventional,2015,BaltimoreWashington
124,2015-08-09,1.16,821523.45,56362.75,557363.94,42933.87,164862.89,161564.81,3298.08,0.0,conventional,2015,BaltimoreWashington
125,2015-08-02,1.17,800603.23,53957.63,535167.1,44749.58,166728.92,163667.68,3061.24,0.0,conventional,2015,BaltimoreWashington
126,2015-07-26,1.2,772926.12,52746.41,496508.65,45010.81,178660.25,174774.8,3880.04,5.41,conventional,2015,BaltimoreWashington
127,2015-07-19,1.18,800194.34,52954.94,496206.47,50319.84,200713.09,196837.6,3862.02,13.47,conventional,2015,BaltimoreWashington
128,2015-07-12,1.1,850931.58,58827.99,547537.41,50679.01,193887.17,189236.32,4406.05,244.8,conventional,2015,BaltimoreWashington
129,2015-07-05,1.16,896298.77,66504.67,567640.7,56044.51,206108.89,200097.99,5890.57,120.33,conventional,2015,BaltimoreWashington
130,2015-06-28,1.15,862261.64,65051.95,534535.21,51109.85,211564.63,207378.09,4022.51,164.03,conventional,2015,BaltimoreWashington
131,2015-06-21,1.16,862840.73,58398.76,527866.5,51952.74,224622.73,220904.35,3488.37,230.01,conventional,2015,BaltimoreWashington
132,2015-06-14,1.09,955046.82,64005.15,593499.63,48344.86,249197.18,244982.26,3668.3,546.62,conventional,2015,BaltimoreWashington
133,2015-06-07,1.26,794310.29,62585.45,462951.05,43720.95,225052.84,221165.85,3626.41,260.58,conventional,2015,BaltimoreWashington
134,2015-05-31,1.19,949177.06,67744.84,617813.87,45832.8,217785.55,211787.29,5730.22,268.04,conventional,2015,BaltimoreWashington
135,2015-05-24,1.18,908661.83,63610.12,560740.03,49808.51,234503.17,228842.95,5548.94,111.28,conventional,2015,BaltimoreWashington
136,2015-05-17,1.27,790853.86,63515.06,455166.65,44840.98,227331.17,222163.1,5152.19,15.88,conventional,2015,BaltimoreWashington
137,2015-05-10,1.26,855205.82,79192.07,507104.15,44390.54,224519.06,215572.03,8947.03,0.0,conventional,2015,BaltimoreWashington
138,2015-05-03,1.17,896972.05,73038.46,536709.99,77537.43,209686.17,201874.28,7767.45,44.44,conventional,2015,BaltimoreWashington
139,2015-04-26,1.29,747841.09,58013.85,431532.87,39942.57,218351.8,212064.73,6184.29,102.78,conventional,2015,BaltimoreWashington
